-15,-15,315,340,2.21,-15,-14,315,340,2.08,-15,-13,315,340,1.79,-15,-12,315,340,1.81,-15,-11,315,340,2.17,-15,-10,315,340,1.95,-15,-9,315,340,2.35,-15,-8,315,340,1.61,-15,-7,315,340,2.03,-15,-6,315,340,1.59,-15,-5,315,340,1.87,-15,-4,315,340,2.46,-15,-3,315,340,1.76,-15,-2,315,340,2.38,-15,-1,315,340,2.10,-15,1,315,340,2.16,-15,2,315,340,2.18,-15,3,315,340,1.56,-15,4,315,340,1.77,-15,5,315,340,2.36,-15,6,315,340,2.25,-15,7,315,340,1.75,-15,8,315,340,1.68,-15,9,315,340,1.53,-15,10,315,340,1.82,-15,11,315,340,2.11,-15,12,315,340,1.51,-15,13,315,340,2.17,-15,14,315,340,1.72,-15,15,315,340,1.96
-14,-15,315,340,2.13,-14,-14,315,340,1.70,-14,-13,315,340,2.31,-14,-12,315,340,2.17,-14,-11,315,340,2.35,-14,-10,315,340,2.32,-14,-9,315,340,1.84,-14,-8,315,340,1.67,-14,-7,315,340,2.33,-14,-6,315,340,1.76,-14,-5,315,340,2.50,-14,-4,315,340,2.27,-14,-3,315,340,1.82,-14,-2,315,340,1.70,-14,-1,315,340,2.39,-14,1,315,340,1.80,-14,2,315,340,2.48,-14,3,315,340,2.10,-14,4,315,340,1.71,-14,5,315,340,2.45,-14,6,315,340,1.56,-14,7,315,340,2.42,-14,8,315,340,2.48,-14,9,315,340,1.80,-14,10,315,340,2.45,-14,11,315,340,2.39,-14,12,315,340,2.18,-14,13,315,340,2.00,-14,14,315,340,1.97,-14,15,315,340,2.39
-13,-15,315,340,1.63,-13,-14,315,340,1.64,-13,-13,315,340,1.66,-13,-12,315,340,1.93,-13,-11,315,340,2.35,-13,-10,315,340,1.55,-13,-9,315,340,1.65,-13,-8,315,340,1.94,-13,-7,315,340,2.13,-13,-6,315,340,1.98,-13,-5,315,340,2.31,-13,-4,315,340,1.55,-13,-3,315,340,2.03,-13,-2,315,340,2.37,-13,-1,315,340,1.69,-13,1,315,340,2.16,-13,2,315,340,2.19,-13,3,315,340,2.49,-13,4,315,340,1.72,-13,5,315,340,1.97,-13,6,315,340,2.17,-13,7,315,340,1.69,-13,8,315,340,1.81,-13,9,315,340,2.36,-13,10,315,340,2.50,-13,11,315,340,1.67,-13,12,315,340,1.56,-13,13,315,340,2.03,-13,14,315,340,2.18,-13,15,315,340,1.86
-12,-15,315,340,1.55,-12,-14,315,340,1.56,-12,-13,315,340,2.30,-12,-12,315,340,1.79,-12,-11,315,340,2.23,-12,-10,315,340,1.98,-12,-9,315,340,2.20,-12,-8,315,340,2.35,-12,-7,315,340,2.12,-12,-6,315,340,1.56,-12,-5,315,340,1.69,-12,-4,315,340,2.47,-12,-3,315,340,2.06,-12,-2,315,340,1.78,-12,-1,315,340,2.27,-12,1,315,340,2.07,-12,2,315,340,1.64,-12,3,315,340,1.68,-12,4,315,340,1.73,-12,5,315,340,1.56,-12,6,315,340,2.49,-12,7,315,340,1.93,-12,8,315,340,1.72,-12,9,315,340,1.58,-12,10,315,340,1.81,-12,11,315,340,2.39,-12,12,315,340,2.23,-12,13,315,340,1.89,-12,14,315,340,2.22,-12,15,315,340,2.09
-11,-15,315,340,1.86,-11,-14,315,340,1.82,-11,-13,315,340,1.62,-11,-12,315,340,2.41,-11,-11,315,340,1.88,-11,-10,315,340,1.71,-11,-9,315,340,2.32,-11,-8,315,340,2.28,-11,-7,315,340,1.84,-11,-6,315,340,1.53,-11,-5,315,340,1.88,-11,-4,315,340,2.42,-11,-3,315,340,1.65,-11,-2,315,340,2.41,-11,-1,315,340,1.57,-11,1,315,340,1.82,-11,2,315,340,2.50,-11,3,315,340,1.94,-11,4,315,340,2.14,-11,5,315,340,2.45,-11,6,315,340,2.09,-11,7,315,340,2.16,-11,8,315,340,2.32,-11,9,315,340,2.16,-11,10,315,340,1.96,-11,11,315,340,2.00,-11,12,315,340,1.63,-11,13,315,340,1.52,-11,14,315,340,1.78,-11,15,315,340,1.69
-10,-15,315,340,1.58,-10,-14,315,340,2.12,-10,-13,315,340,2.18,-10,-12,315,340,2.42,-10,-11,315,340,1.95,-10,-10,315,340,1.62,-10,-9,315,340,1.55,-10,-8,315,340,2.12,-10,-7,315,340,1.58,-10,-6,315,340,1.68,-10,-5,315,340,2.04,-10,-4,315,340,1.85,-10,-3,315,340,2.48,-10,-2,315,340,2.11,-10,-1,315,340,1.51,-10,1,315,340,1.60,-10,2,315,340,2.23,-10,3,315,340,2.18,-10,4,315,340,1.78,-10,5,315,340,1.68,-10,6,315,340,2.44,-10,7,315,340,1.78,-10,8,315,340,2.39,-10,9,315,340,2.25,-10,10,315,340,2.21,-10,11,315,340,1.70,-10,12,315,340,2.26,-10,13,315,340,1.55,-10,14,315,340,2.05,-10,15,315,340,1.84
-9,-15,315,340,1.95,-9,-14,315,340,1.76,-9,-13,315,340,2.09,-9,-12,315,340,1.76,-9,-11,315,340,2.20,-9,-10,315,340,2.28,-9,-9,315,340,2.06,-9,-8,315,340,1.99,-9,-7,315,340,2.23,-9,-6,315,340,2.30,-9,-5,315,340,2.03,-9,-4,315,340,2.44,-9,-3,315,340,1.52,-9,-2,315,340,2.10,-9,-1,315,340,2.06,-9,1,315,340,2.23,-9,2,315,340,1.83,-9,3,315,340,1.84,-9,4,315,340,1.80,-9,5,315,340,2.17,-9,6,315,340,2.40,-9,7,315,340,2.44,-9,8,315,340,2.07,-9,9,315,340,1.50,-9,10,315,340,2.07,-9,11,315,340,2.15,-9,12,315,340,1.99,-9,13,315,340,2.41,-9,14,315,340,2.01,-9,15,315,340,1.74
-8,-15,315,340,1.57,-8,-14,315,340,1.53,-8,-13,315,340,2.36,-8,-12,315,340,2.13,-8,-11,315,340,2.44,-8,-10,315,340,2.04,-8,-9,315,340,1.90,-8,-8,315,340,1.99,-8,-7,315,340,1.61,-8,-6,315,340,2.41,-8,-5,315,340,1.64,-8,-4,315,340,1.93,-8,-3,315,340,1.60,-8,-2,315,340,2.23,-8,-1,315,340,2.35,-8,1,315,340,1.75,-8,2,315,340,2.07,-8,3,315,340,1.56,-8,4,315,340,2.23,-8,5,315,340,2.27,-8,6,315,340,1.55,-8,7,315,340,1.54,-8,8,315,340,1.73,-8,9,315,340,1.82,-8,10,315,340,2.08,-8,11,315,340,1.75,-8,12,315,340,1.94,-8,13,315,340,2.26,-8,14,315,340,1.71,-8,15,315,340,1.88
-7,-15,315,340,2.10,-7,-14,315,340,2.19,-7,-13,315,340,1.56,-7,-12,315,340,2.28,-7,-11,315,340,2.43,-7,-10,315,340,1.84,-7,-9,315,340,2.01,-7,-8,315,340,2.25,-7,-7,315,340,1.91,-7,-6,315,340,2.04,-7,-5,315,340,1.80,-7,-4,315,340,2.06,-7,-3,315,340,2.30,-7,-2,315,340,2.00,-7,-1,315,340,1.51,-7,1,315,340,2.40,-7,2,315,340,1.80,-7,3,315,340,2.21,-7,4,315,340,2.12,-7,5,315,340,2.28,-7,6,315,340,2.05,-7,7,315,340,2.00,-7,8,315,340,2.47,-7,9,315,340,1.87,-7,10,315,340,2.15,-7,11,315,340,1.65,-7,12,315,340,1.77,-7,13,315,340,2.01,-7,14,315,340,2.23,-7,15,315,340,1.66
-6,-15,315,340,1.71,-6,-14,315,340,1.90,-6,-13,315,340,1.57,-6,-12,315,340,2.48,-6,-11,315,340,2.46,-6,-10,315,340,2.48,-6,-9,315,340,1.56,-6,-8,315,340,2.03,-6,-7,315,340,1.55,-6,-6,315,340,2.48,-6,-5,315,340,2.40,-6,-4,315,340,1.57,-6,-3,315,340,2.03,-6,-2,315,340,1.78,-6,-1,315,340,1.64,-6,1,315,340,1.70,-6,2,315,340,2.03,-6,3,315,340,1.57,-6,4,315,340,1.74,-6,5,315,340,2.46,-6,6,315,340,1.90,-6,7,315,340,1.69,-6,8,315,340,2.43,-6,9,315,340,2.09,-6,10,315,340,2.02,-6,11,315,340,2.32,-6,12,315,340,2.46,-6,13,315,340,1.84,-6,14,315,340,2.33,-6,15,315,340,2.03
-5,-15,315,340,2.03,-5,-14,315,340,2.05,-5,-13,315,340,2.39,-5,-12,315,340,1.54,-5,-11,315,340,2.06,-5,-10,315,340,2.03,-5,-9,315,340,2.27,-5,-8,315,340,2.35,-5,-7,315,340,1.95,-5,-6,315,340,1.74,-5,-5,315,340,1.83,-5,-4,315,340,2.26,-5,-3,315,340,2.21,-5,-2,315,340,1.63,-5,-1,315,340,1.63,-5,1,315,340,2.50,-5,2,315,340,1.66,-5,3,315,340,1.81,-5,4,315,340,2.31,-5,5,315,340,2.34,-5,6,315,340,2.49,-5,7,315,340,1.98,-5,8,315,340,1.78,-5,9,315,340,2.38,-5,10,315,340,1.56,-5,11,315,340,2.38,-5,12,315,340,2.25,-5,13,315,340,1.63,-5,14,315,340,2.18,-5,15,315,340,2.47
-4,-15,315,340,1.58,-4,-14,315,340,1.99,-4,-13,315,340,1.96,-4,-12,315,340,1.78,-4,-11,315,340,1.71,-4,-10,315,340,2.26,-4,-9,315,340,2.25,-4,-8,315,340,1.59,-4,-7,315,340,1.61,-4,-6,315,340,1.58,-4,-5,315,340,2.48,-4,-4,315,340,1.79,-4,-3,315,340,2.39,-4,-2,315,340,1.69,-4,-1,315,340,1.91,-4,1,315,340,1.66,-4,2,315,340,1.66,-4,3,315,340,2.16,-4,4,315,340,2.12,-4,5,315,340,2.05,-4,6,315,340,1.73,-4,7,315,340,2.17,-4,8,315,340,2.24,-4,9,315,340,1.53,-4,10,315,340,1.85,-4,11,315,340,2.35,-4,12,315,340,1.60,-4,13,315,340,2.26,-4,14,315,340,2.17,-4,15,315,340,1.69
-3,-15,315,340,2.12,-3,-14,315,340,2.07,-3,-13,315,340,2.35,-3,-12,315,340,2.23,-3,-11,315,340,2.36,-3,-10,315,340,2.49,-3,-9,315,340,2.08,-3,-8,315,340,1.97,-3,-7,315,340,2.30,-3,-6,315,340,2.33,-3,-5,315,340,1.54,-3,-4,315,340,1.76,-3,-3,315,340,2.07,-3,-2,315,340,2.20,-3,-1,315,340,1.63,-3,1,315,340,1.83,-3,2,315,340,2.38,-3,3,315,340,1.73,-3,4,315,340,1.82,-3,5,315,340,1.92,-3,6,315,340,1.60,-3,7,315,340,1.72,-3,8,315,340,1.63,-3,9,315,340,1.60,-3,10,315,340,2.00,-3,11,315,340,2.29,-3,12,315,340,2.17,-3,13,315,340,1.67,-3,14,315,340,1.75,-3,15,315,340,2.07
-2,-15,315,340,1.83,-2,-14,315,340,1.95,-2,-13,315,340,2.13,-2,-12,315,340,2.31,-2,-11,315,340,1.72,-2,-10,315,340,1.78,-2,-9,315,340,2.22,-2,-8,315,340,2.04,-2,-7,315,340,2.15,-2,-6,315,340,2.35,-2,-5,315,340,2.29,-2,-4,315,340,2.35,-2,-3,315,340,1.76,-2,-2,315,340,1.82,-2,-1,315,340,2.10,-2,1,315,340,2.08,-2,2,315,340,1.90,-2,3,315,340,2.36,-2,4,315,340,2.48,-2,5,315,340,2.18,-2,6,315,340,1.51,-2,7,315,340,2.35,-2,8,315,340,1.92,-2,9,315,340,1.93,-2,10,315,340,2.40,-2,11,315,340,1.97,-2,12,315,340,2.11,-2,13,315,340,1.78,-2,14,315,340,2.30,-2,15,315,340,1.70
-1,-15,315,340,1.91,-1,-14,315,340,2.44,-1,-13,315,340,2.25,-1,-12,315,340,1.85,-1,-11,315,340,2.24,-1,-10,315,340,2.08,-1,-9,315,340,2.17,-1,-8,315,340,2.26,-1,-7,315,340,1.70,-1,-6,315,340,1.94,-1,-5,315,340,1.92,-1,-4,315,340,2.42,-1,-3,315,340,2.41,-1,-2,315,340,1.57,-1,-1,315,340,2.15,-1,1,315,340,1.79,-1,2,315,340,1.58,-1,3,315,340,1.96,-1,4,315,340,2.27,-1,5,315,340,2.30,-1,6,315,340,1.74,-1,7,315,340,1.86,-1,8,315,340,1.56,-1,9,315,340,1.79,-1,10,315,340,1.71,-1,11,315,340,2.39,-1,12,315,340,1.53,-1,13,315,340,1.63,-1,14,315,340,1.95,-1,15,315,340,2.18
1,-15,315,340,1.77,1,-14,315,340,1.73,1,-13,315,340,1.90,1,-12,315,340,2.00,1,-11,315,340,2.09,1,-10,315,340,2.12,1,-9,315,340,1.69,1,-8,315,340,2.43,1,-7,315,340,1.85,1,-6,315,340,2.42,1,-5,315,340,1.54,1,-4,315,340,2.20,1,-3,315,340,2.19,1,-2,315,340,1.66,1,-1,315,340,2.38,1,1,315,340,1.61,1,2,315,340,2.33,1,3,315,340,1.60,1,4,315,340,2.31,1,5,315,340,2.27,1,6,315,340,1.87,1,7,315,340,1.50,1,8,315,340,1.74,1,9,315,340,2.24,1,10,315,340,2.13,1,11,315,340,2.10,1,12,315,340,1.52,1,13,315,340,2.06,1,14,315,340,2.05,1,15,315,340,2.03
2,-15,315,340,2.08,2,-14,315,340,2.38,2,-13,315,340,2.48,2,-12,315,340,1.87,2,-11,315,340,1.90,2,-10,315,340,1.75,2,-9,315,340,1.61,2,-8,315,340,2.32,2,-7,315,340,1.65,2,-6,315,340,1.95,2,-5,315,340,2.22,2,-4,315,340,2.45,2,-3,315,340,2.50,2,-2,315,340,1.56,2,-1,315,340,1.69,2,1,315,340,2.08,2,2,315,340,1.62,2,3,315,340,1.87,2,4,315,340,1.77,2,5,315,340,1.68,2,6,315,340,2.38,2,7,315,340,2.15,2,8,315,340,2.21,2,9,315,340,1.76,2,10,315,340,1.71,2,11,315,340,2.34,2,12,315,340,2.18,2,13,315,340,2.02,2,14,315,340,1.93,2,15,315,340,1.60
3,-15,315,340,1.82,3,-14,315,340,2.00,3,-13,315,340,2.18,3,-12,315,340,2.17,3,-11,315,340,1.85,3,-10,315,340,2.17,3,-9,315,340,2.17,3,-8,315,340,1.61,3,-7,315,340,2.25,3,-6,315,340,2.11,3,-5,315,340,2.18,3,-4,315,340,2.34,3,-3,315,340,2.49,3,-2,315,340,2.18,3,-1,315,340,1.52,3,1,315,340,2.06,3,2,315,340,1.64,3,3,315,340,2.32,3,4,315,340,1.62,3,5,315,340,2.26,3,6,315,340,1.58,3,7,315,340,2.05,3,8,315,340,1.57,3,9,315,340,2.16,3,10,315,340,1.61,3,11,315,340,2.35,3,12,315,340,2.16,3,13,315,340,2.26,3,14,315,340,1.56,3,15,315,340,2.30
4,-15,315,340,1.58,4,-14,315,340,2.11,4,-13,315,340,2.10,4,-12,315,340,1.69,4,-11,315,340,1.96,4,-10,315,340,2.47,4,-9,315,340,1.68,4,-8,315,340,1.52,4,-7,315,340,1.72,4,-6,315,340,2.37,4,-5,315,340,1.82,4,-4,315,340,1.55,4,-3,315,340,2.28,4,-2,315,340,2.34,4,-1,315,340,1.62,4,1,315,340,2.13,4,2,315,340,1.77,4,3,315,340,1.62,4,4,315,340,1.84,4,5,315,340,2.42,4,6,315,340,2.04,4,7,315,340,2.26,4,8,315,340,2.25,4,9,315,340,2.20,4,10,315,340,2.13,4,11,315,340,1.59,4,12,315,340,1.84,4,13,315,340,2.35,4,14,315,340,1.79,4,15,315,340,1.92
5,-15,315,340,1.86,5,-14,315,340,1.99,5,-13,315,340,2.11,5,-12,315,340,2.28,5,-11,315,340,1.69,5,-10,315,340,1.75,5,-9,315,340,1.54,5,-8,315,340,1.82,5,-7,315,340,2.12,5,-6,315,340,1.50,5,-5,315,340,2.08,5,-4,315,340,2.44,5,-3,315,340,2.08,5,-2,315,340,1.77,5,-1,315,340,2.07,5,1,315,340,1.69,5,2,315,340,1.87,5,3,315,340,2.28,5,4,315,340,2.38,5,5,315,340,2.00,5,6,315,340,2.13,5,7,315,340,2.02,5,8,315,340,1.53,5,9,315,340,2.26,5,10,315,340,1.51,5,11,315,340,1.73,5,12,315,340,2.05,5,13,315,340,1.90,5,14,315,340,2.33,5,15,315,340,1.82
6,-15,315,340,1.83,6,-14,315,340,2.48,6,-13,315,340,2.18,6,-12,315,340,1.96,6,-11,315,340,2.28,6,-10,315,340,2.16,6,-9,315,340,1.81,6,-8,315,340,1.95,6,-7,315,340,1.91,6,-6,315,340,2.32,6,-5,315,340,1.61,6,-4,315,340,2.47,6,-3,315,340,2.09,6,-2,315,340,2.40,6,-1,315,340,1.51,6,1,315,340,1.99,6,2,315,340,1.50,6,3,315,340,1.85,6,4,315,340,2.44,6,5,315,340,1.76,6,6,315,340,2.10,6,7,315,340,2.32,6,8,315,340,2.18,6,9,315,340,2.02,6,10,315,340,2.39,6,11,315,340,2.20,6,12,315,340,2.27,6,13,315,340,2.24,6,14,315,340,1.96,6,15,315,340,1.60
7,-15,315,340,1.85,7,-14,315,340,1.67,7,-13,315,340,2.37,7,-12,315,340,1.86,7,-11,315,340,2.46,7,-10,315,340,1.74,7,-9,315,340,2.43,7,-8,315,340,1.97,7,-7,315,340,2.01,7,-6,315,340,1.57,7,-5,315,340,2.15,7,-4,315,340,1.65,7,-3,315,340,1.54,7,-2,315,340,1.88,7,-1,315,340,1.56,7,1,315,340,2.12,7,2,315,340,2.13,7,3,315,340,1.86,7,4,315,340,2.35,7,5,315,340,1.94,7,6,315,340,2.00,7,7,315,340,1.68,7,8,315,340,1.80,7,9,315,340,1.93,7,10,315,340,1.98,7,11,315,340,2.09,7,12,315,340,2.46,7,13,315,340,2.06,7,14,315,340,2.04,7,15,315,340,1.98
8,-15,315,340,1.99,8,-14,315,340,2.46,8,-13,315,340,1.93,8,-12,315,340,2.48,8,-11,315,340,2.40,8,-10,315,340,2.04,8,-9,315,340,2.39,8,-8,315,340,2.46,8,-7,315,340,2.43,8,-6,315,340,1.65,8,-5,315,340,2.30,8,-4,315,340,2.15,8,-3,315,340,2.11,8,-2,315,340,2.31,8,-1,315,340,1.68,8,1,315,340,2.24,8,2,315,340,1.81,8,3,315,340,2.47,8,4,315,340,1.87,8,5,315,340,2.38,8,6,315,340,1.80,8,7,315,340,2.13,8,8,315,340,2.14,8,9,315,340,1.92,8,10,315,340,2.33,8,11,315,340,2.37,8,12,315,340,2.00,8,13,315,340,1.86,8,14,315,340,1.79,8,15,315,340,1.54
9,-15,315,340,2.14,9,-14,315,340,2.17,9,-13,315,340,1.95,9,-12,315,340,2.12,9,-11,315,340,2.44,9,-10,315,340,2.08,9,-9,315,340,2.17,9,-8,315,340,2.18,9,-7,315,340,2.10,9,-6,315,340,1.67,9,-5,315,340,1.58,9,-4,315,340,2.18,9,-3,315,340,1.78,9,-2,315,340,1.71,9,-1,315,340,2.47,9,1,315,340,1.64,9,2,315,340,1.56,9,3,315,340,1.75,9,4,315,340,2.11,9,5,315,340,1.91,9,6,315,340,1.67,9,7,315,340,2.32,9,8,315,340,2.43,9,9,315,340,2.42,9,10,315,340,2.05,9,11,315,340,2.16,9,12,315,340,2.34,9,13,315,340,2.18,9,14,315,340,2.03,9,15,315,340,2.14
10,-15,315,340,2.37,10,-14,315,340,1.60,10,-13,315,340,1.63,10,-12,315,340,2.15,10,-11,315,340,2.27,10,-10,315,340,2.31,10,-9,315,340,1.86,10,-8,315,340,1.58,10,-7,315,340,1.83,10,-6,315,340,1.84,10,-5,315,340,2.39,10,-4,315,340,2.27,10,-3,315,340,2.33,10,-2,315,340,1.65,10,-1,315,340,1.53,10,1,315,340,1.82,10,2,315,340,2.39,10,3,315,340,2.21,10,4,315,340,1.82,10,5,315,340,1.69,10,6,315,340,2.33,10,7,315,340,1.84,10,8,315,340,2.33,10,9,315,340,1.53,10,10,315,340,1.86,10,11,315,340,1.54,10,12,315,340,2.34,10,13,315,340,2.31,10,14,315,340,1.51,10,15,315,340,2.28
11,-15,315,340,2.10,11,-14,315,340,2.21,11,-13,315,340,2.44,11,-12,315,340,1.59,11,-11,315,340,1.50,11,-10,315,340,1.51,11,-9,315,340,2.08,11,-8,315,340,1.77,11,-7,315,340,2.43,11,-6,315,340,1.89,11,-5,315,340,1.94,11,-4,315,340,2.43,11,-3,315,340,1.79,11,-2,315,340,2.44,11,-1,315,340,1.93,11,1,315,340,1.74,11,2,315,340,2.28,11,3,315,340,2.12,11,4,315,340,1.91,11,5,315,340,1.55,11,6,315,340,2.16,11,7,315,340,1.79,11,8,315,340,2.07,11,9,315,340,1.81,11,10,315,340,2.30,11,11,315,340,1.90,11,12,315,340,2.42,11,13,315,340,1.69,11,14,315,340,1.65,11,15,315,340,2.45
12,-15,315,340,1.97,12,-14,315,340,1.90,12,-13,315,340,2.43,12,-12,315,340,2.46,12,-11,315,340,1.71,12,-10,315,340,1.72,12,-9,315,340,1.95,12,-8,315,340,1.62,12,-7,315,340,2.30,12,-6,315,340,1.66,12,-5,315,340,1.65,12,-4,315,340,1.57,12,-3,315,340,2.26,12,-2,315,340,1.74,12,-1,315,340,1.96,12,1,315,340,1.71,12,2,315,340,2.10,12,3,315,340,1.86,12,4,315,340,1.72,12,5,315,340,2.08,12,6,315,340,1.56,12,7,315,340,2.00,12,8,315,340,2.16,12,9,315,340,1.84,12,10,315,340,2.12,12,11,315,340,2.19,12,12,315,340,1.86,12,13,315,340,2.33,12,14,315,340,2.30,12,15,315,340,1.61
13,-15,315,340,2.32,13,-14,315,340,1.87,13,-13,315,340,1.78,13,-12,315,340,1.68,13,-11,315,340,1.96,13,-10,315,340,1.50,13,-9,315,340,2.01,13,-8,315,340,2.03,13,-7,315,340,2.47,13,-6,315,340,2.20,13,-5,315,340,2.07,13,-4,315,340,1.54,13,-3,315,340,1.58,13,-2,315,340,1.91,13,-1,315,340,1.54,13,1,315,340,2.10,13,2,315,340,2.28,13,3,315,340,2.00,13,4,315,340,2.27,13,5,315,340,1.85,13,6,315,340,2.06,13,7,315,340,1.54,13,8,315,340,1.99,13,9,315,340,2.48,13,10,315,340,2.07,13,11,315,340,1.88,13,12,315,340,1.87,13,13,315,340,2.21,13,14,315,340,2.36,13,15,315,340,2.35
14,-15,315,340,1.77,14,-14,315,340,2.38,14,-13,315,340,2.20,14,-12,315,340,1.87,14,-11,315,340,1.57,14,-10,315,340,1.81,14,-9,315,340,1.99,14,-8,315,340,1.67,14,-7,315,340,2.19,14,-6,315,340,2.45,14,-5,315,340,1.90,14,-4,315,340,1.83,14,-3,315,340,2.01,14,-2,315,340,1.91,14,-1,315,340,1.51,14,1,315,340,2.15,14,2,315,340,2.00,14,3,315,340,2.28,14,4,315,340,2.11,14,5,315,340,2.41,14,6,315,340,1.58,14,7,315,340,1.80,14,8,315,340,1.53,14,9,315,340,2.03,14,10,315,340,2.05,14,11,315,340,1.95,14,12,315,340,1.67,14,13,315,340,1.56,14,14,315,340,2.36,14,15,315,340,1.79
15,-15,315,340,2.21,15,-14,315,340,1.58,15,-13,315,340,1.66,15,-12,315,340,2.14,15,-11,315,340,2.21,15,-10,315,340,1.72,15,-9,315,340,2.41,15,-8,315,340,1.99,15,-7,315,340,1.82,15,-6,315,340,2.47,15,-5,315,340,1.53,15,-4,315,340,1.87,15,-3,315,340,1.73,15,-2,315,340,2.15,15,-1,315,340,1.84,15,1,315,340,1.56,15,2,315,340,2.15,15,3,315,340,1.51,15,4,315,340,2.46,15,5,315,340,1.99,15,6,315,340,2.05,15,7,315,340,2.29,15,8,315,340,1.93,15,9,315,340,2.04,15,10,315,340,2.19,15,11,315,340,1.51,15,12,315,340,1.85,15,13,315,340,2.25,15,14,315,340,2.28,15,15,315,340,2.24